10
200
337
505
605
255
554
984
117
508
786
660
825
454
419
979
363
149
887
802
335
505
118
946
895
495
205
172
167
55
705
785
243
125
90
741
798
127
843
260
813
103
705
69
795
722
114
806
950
519
55
424
241
692
325
645
115
302
905
992
416
327
314
316
71
949
228
791
340
560
537
911
783
532
851
774
180
976
440
875
564
318
564
705
989
140
933
587
173
266
723
144
764
406
191
892
307
76
782
55
847
290
157
946
499
106
551
751
477
313
925
792
503
848
765
852
145
105
903
709
613
109
692
260
43
755
759
505
470
67
888
550
71
788
711
532
881
955
542
521
781
637
354
400
278
767
115
384
111
275
290
178
731
669
483
285
381
415
931
308
66
675
91
531
828
31
694
534
65
861
895
915
555
819
71
160
385
81
246
368
349
145
103
18
271
908
641
170
275
858
410
613
2848
970
1819
11
2650
2129
1375
1827
1
1918
