50
200
133
338
143
263
475
19
379
424
290
174
16
484
303
295
126
145
262
26
36
156
390
246
50
398
345
398
329
117
151
426
92
170
443
396
29
7
143
368
89
265
47
57
164
82
264
61
97
283
149
182
364
221
275
225
420
369
306
468
404
434
119
71
309
418
346
460
106
448
399
140
494
20
297
143
73
210
467
287
349
12
275
88
15
139
179
79
190
389
410
193
212
113
87
269
91
154
128
298
29
148
313
418
375
75
262
346
2
13
331
495
15
164
298
456
45
361
206
28
500
195
142
46
333
374
464
60
83
441
323
298
327
217
255
219
499
248
455
392
120
215
215
207
251
268
96
349
453
151
257
224
49
449
471
352
218
409
454
452
184
3
149
199
400
74
192
368
195
319
33
434
466
314
473
416
200
279
28
452
112
49
98
91
490
245
43
285
299
295
129
420
51
260
305
398
91
148
424
119
279
422
